33,114
33,113
33,112
33,65
0,414
64,35
33,6
33,1
33,70
33,3
3,2
3,1
3,3
10,10
10,64
10,7
10,98
10,225
10,186
10,227
10,224
11,20
11,9
11,14
11,21
11,29
11,15
8,17
8,7
8,11
8,16
8,12
0,318
20,2
20,1
20,3
19,2
19,1
19,3
18,1
18,3
14,1
14,4
56,3
56,2
56,1
14,3
56,0
55,3
55,2
55,1
13,1
55,0
13,3
54,3
54,2
54,1
54,0
53,3
53,2
53,1
53,0
52,3
52,2
52,1
52,0
51,3
51,2
51,1
51,0
50,3
50,2
50,1
50,0
49,3
49,2
49,1
49,0
35,15
35,14
35,13
35,12
35,11
35,10
35,9
35,8
35,7
35,6
35,5
35,4
35,3
35,1
34,21
34,20
34,19
34,18
34,17
34,16
34,15
34,14
34,13
34,12
34,11
34,10
34,9
34,8
34,7
34,6
34,5
34,4
34,3
34,1
33,124
33,123
33,122
33,121
33,120
33,111
33,110
33,109
33,108
33,107
33,106
33,105
33,104
33,97
33,96
33,95
33,94
33,93
33,92
33,91
33,90
33,89
33,88
33,87
33,86
33,85
33,84
33,83
33,82
33,81
